-29.994620
-7.879766
-20.621116
27.590289
7.792562
-28.170748
11.262567
2.401692
-12.054952
-10.820525
-22.709113
-19.101414
-15.773096
-15.726560
-21.843104
-6.263557
-9.347750
1.710125
-10.757527
-0.710715
-10.994724
-20.834014
3.874395
15.762455
-22.864428
0.101941
4.114016
-17.812057
-26.751360
3.445312
-17.131315
-8.096519
-6.650917
-13.359111
-19.631423
-0.365939
-24.652664
-24.033194
-23.635276
7.025281
22.606411
25.365385
-8.200378
27.616822
-22.499250
-18.776286
-27.240771
-13.467643
9.070671
7.441314
1.595800
-22.950875
-2.483484
3.091065
-17.524063
-32.481564
1.091677
-26.812070
-16.905860
1.208202
-25.566893
-27.791784
21.158543
-15.452227
-28.732765
11.261319
9.977341
-2.625834
13.470756
-17.023065
-14.118374
-30.110495
-29.947592
22.533598
5.646931
-16.011318
-22.968708
-0.697378
-10.914685
-26.121903
1.951950
-4.212920
-0.030208
-5.612134
-17.120425
-15.402985
-27.736848
-33.031949
-23.315915
-32.099934
-28.590375
24.640520
-3.644132
-36.318546
-0.642613
-18.738576
-6.641318
-15.771398
-19.663647
-13.497787
-22.735182
-0.467106
-20.889520
-27.388305
-13.851917
-19.534776
14.649070
-24.763906
8.480533
2.123765
-3.156667
-8.039423
-29.018817
-35.916254
-26.929794
-21.025123
-28.998746
-2.163023
-17.274663
-29.089688
4.834424
0.523365
-21.625400
-6.805736
-6.842572
-12.239024
-5.876934
-5.027986
-14.191405
-22.290462
-11.398578
2.761600
-27.119964
-16.972938
-16.330783
-4.001352
-19.625849
-31.436309
-21.767266
2.809227
-14.890726
8.447156
13.631516
-8.749839
-5.632367
-2.934940
-1.792917
-27.277911
-1.424197
-20.689481
-22.028677
-6.679167
-12.917149
-23.305116
1.859124
-19.045668
23.107869
-19.627975
-27.513766
-7.839387
2.706567
-14.430649
-17.818699
-28.560922
9.072072
-17.142895
-13.955162
-17.744080
-3.438582
-22.733970
-23.276223
-9.196593
-24.879842
-7.393010
0.996831
-28.165525
-28.252544
-7.284416
