-0.758288
4.783315
17.805879
2.689219
-14.317029
-3.399214
10.591475
-30.181199
-22.968235
-19.640329
1.191296
-8.912304
0.291768
-10.785300
7.278008
-28.102226
9.967473
-21.834093
-5.715278
-10.752811
-1.808018
-12.197243
-17.117119
9.877224
-2.943423
-14.966649
2.818375
7.237859
14.178778
-14.091205
-2.433459
9.877355
-24.284918
-17.412057
-13.359621
-23.339067
-23.930436
4.248673
11.575650
-4.386530
4.619393
3.113430
-19.609375
-1.993837
-4.346978
-13.284133
-11.262779
5.751333
10.186539
-16.022745
-24.501185
11.265160
-5.352216
12.172772
-1.336997
-0.742356
-25.239682
-17.016634
8.057516
-29.241927
-5.698489
6.427124
4.024164
-12.342909
-6.132396
5.734471
12.964316
-21.642477
-1.114132
-17.543653
-0.505922
-7.629912
-1.044442
7.873617
5.994148
14.451227
3.373697
-21.051039
13.203605
-13.561534
-4.657065
-27.129453
-14.227773
-27.050532
-0.523492
5.641959
-23.175556
7.243761
-3.171659
-12.225432
12.561634
0.971435
-15.931452
-11.808694
-11.919932
-15.146112
13.210218
-16.976888
-3.522885
-11.066879
-20.141606
-6.411693
-15.672140
10.521258
4.610726
-8.896684
6.528311
-15.738492
6.973987
-21.082864
-9.293298
5.250766
-2.120556
-5.791817
-7.316770
-13.385706
9.318797
-14.512212
0.694312
-2.563570
-4.576186
-10.433221
-19.984159
-10.326277
5.946420
-21.731300
-20.129123
-9.020552
-7.874426
19.480641
2.506401
9.858798
7.273437
4.371563
4.117055
11.835919
-14.832447
-4.019564
12.077006
-19.271161
-24.555337
8.235677
9.747002
-20.931443
-19.069131
-27.802539
0.795547
-23.311419
-31.462376
-3.152343
-1.990343
-14.173748
7.349050
-16.711875
-20.859848
-5.818924
1.870716
1.234737
-3.589960
-11.581726
-26.756553
-10.265435
4.401739
-8.236183
7.295719
-18.528314
13.773540
-16.484701
12.491991
-11.545377
-16.123785
-16.710841
0.173147
-25.969725
-8.902647
13.964081
-4.915611
-22.157203
