-11.957941
1.651400
-8.556613
-9.469439
2.219014
9.527711
-6.348444
6.290828
1.030562
-25.353594
16.096233
3.083738
-1.328594
-4.638039
13.280544
14.346801
-23.444670
4.398375
-1.424861
-23.107489
-15.254013
-8.435364
8.488195
5.550318
-24.530032
3.901277
8.933048
9.180212
-2.194717
-17.677855
4.433259
12.178527
13.630090
9.365126
-5.897028
-9.186973
12.875858
-7.189898
-1.444669
8.965581
-11.310229
13.952416
8.326338
17.614647
-3.783987
13.130506
7.731175
5.910900
-8.174164
-7.878979
1.354948
18.676378
15.316283
-16.009456
-8.544078
12.825361
-15.750786
-15.039934
3.689558
-10.848584
21.124922
-4.506843
10.819963
0.183080
-2.297977
0.678818
-21.301602
8.665199
-21.501694
5.789939
2.102538
13.566978
1.092623
16.211662
-10.922345
15.413724
-11.497994
-13.728857
-17.268421
-10.873940
-3.302078
-17.462707
4.159638
-17.045536
-12.912049
11.410990
-7.881281
-12.990044
11.697729
-2.774481
9.966801
-10.612388
-29.518340
-15.028389
-14.950906
-22.380830
13.270287
8.609265
-21.296505
7.675855
-11.584724
4.510041
-4.649526
-20.841665
-17.000985
18.380061
-3.584015
-11.094926
15.907991
-5.891224
8.410882
-15.451216
9.310933
8.484047
-18.598006
-17.428356
-3.529287
-2.251006
-2.878136
14.395000
10.915497
7.009209
13.427234
4.944668
16.489016
13.409590
-13.364164
17.654540
-2.797095
-21.656860
5.497835
2.273461
2.132524
-8.299990
17.216561
-25.202045
-9.384831
10.764475
13.961114
-1.715627
12.020107
-12.900156
1.432087
-18.425574
14.099397
-21.253414
-15.821394
6.279339
6.471585
-13.797164
-21.319856
-14.488778
-7.500372
-10.745618
13.358354
-18.825816
-14.611332
-19.836387
1.441135
6.233730
-16.042612
-11.401808
-4.624404
16.347246
-7.893079
-5.909079
-11.038294
-12.254439
-13.194804
-11.134098
12.605076
7.852845
9.096003
12.253941
6.287459
-27.490790
-19.992751
-15.550810
