-4.425436
26.443379
-15.429287
-4.167643
-8.651282
-24.521793
-20.168274
26.237726
-13.766280
-6.500723
-1.151600
-14.534743
-14.952912
-7.231889
-8.876507
-19.290505
-8.164813
-13.944258
-14.779678
0.085868
5.257530
-22.822759
24.981461
-25.369557
2.812746
34.581487
14.899956
-3.798944
34.463196
-6.777519
17.446186
13.808004
0.657422
-22.470343
-2.159856
-11.427129
12.518024
-6.888467
33.475183
-24.395137
-14.150128
7.248839
-24.040209
-19.672358
1.878778
-15.959522
25.840550
31.021486
-22.663258
-10.404250
35.017302
-17.171571
10.076804
-9.229444
8.745462
-6.053477
-4.217177
-14.696597
29.649247
15.483914
-17.215104
-11.480821
-20.819653
-12.746010
32.613663
0.988063
-2.697267
10.596590
-2.344273
-15.506979
23.014529
14.471804
-23.252450
-16.564990
0.478520
-20.693209
-11.508659
-6.826657
3.344749
-14.559613
-17.478958
-7.162570
-25.784346
-13.161029
-11.169148
0.519440
-12.976936
-15.238907
16.227319
-28.642852
23.915631
-20.583466
-2.705814
-12.223342
-3.875716
-8.670491
-20.772934
20.950645
5.603734
31.259800
-8.846675
25.367131
0.571767
-5.636663
-9.209474
-20.657380
21.297757
12.765012
-20.488167
-14.942125
21.510417
-1.166275
-20.513223
-15.028263
-2.225595
-6.550895
-4.751203
-8.913070
-7.790737
-12.451071
-24.562149
3.227746
-5.363879
-7.565447
-7.294525
-22.132908
-18.673651
-20.721951
33.040799
6.981934
-6.591140
32.340350
-12.645643
-16.150049
-18.006904
-7.582515
3.837132
-22.209971
-23.362745
-16.654627
1.639108
-10.393229
-6.700803
3.568117
14.314251
4.104220
-13.963058
-3.553538
-10.050553
-12.256503
-5.657884
-9.110010
8.037390
-13.733278
-6.660275
-3.319073
-7.323923
-5.416735
-18.706945
29.943575
-7.180090
-9.052485
-8.845098
-22.173539
14.377035
-12.321704
-19.850381
-11.858160
0.058348
9.112471
4.192355
-22.589076
-2.414844
-20.595980
-6.796260
-1.484366
-7.746680
-6.530484
