-13.804745
4.822612
8.780062
-1.456058
9.957832
24.857130
26.002994
23.311779
-3.566689
16.393178
12.157192
21.500056
4.662565
-11.648774
3.160868
18.983694
-0.572637
-0.593723
19.097774
15.318284
26.160636
15.180974
29.971979
28.754315
6.694387
-2.184476
26.332856
-4.143521
-1.082068
4.914322
17.281070
20.696649
11.226251
12.420440
0.119823
-18.788281
3.591594
-7.981109
25.140100
-10.197382
-26.792443
-5.589704
23.868244
15.208711
3.208542
-28.444400
18.984803
-5.945205
-0.406725
-9.984982
24.568241
19.361842
-12.766047
-27.832426
-10.100488
30.544207
-18.451850
10.599391
-6.378137
-0.849253
-5.599735
5.888965
12.400072
5.695051
7.213948
18.144522
25.700775
11.634545
11.370054
22.735976
-22.552999
8.934652
19.725647
18.133577
26.904163
14.855966
-4.115285
13.484469
15.967830
23.349745
25.074108
13.636084
6.361775
25.617396
11.432585
0.271092
15.762229
-7.380680
16.238069
-1.582090
26.401696
9.725926
23.528417
-8.666056
-17.459242
-5.733536
-5.527782
2.025258
21.406804
-15.182952
-29.057518
10.305270
-12.720802
11.119938
-8.298612
3.506302
18.353173
15.402259
-27.277603
3.746929
13.226489
-7.662338
7.821283
-0.030156
-5.587668
12.604228
10.693395
-3.958116
11.453190
4.790284
12.396333
25.559717
-1.541478
9.777433
19.237399
7.374816
-22.679496
-30.763931
9.244435
18.972415
-4.812875
9.411984
22.198966
10.216843
16.433872
10.138924
3.701633
1.640270
4.271760
16.515838
-2.929231
-0.332365
6.350584
-0.069420
24.617394
6.461963
13.724325
22.216950
-5.815055
15.305616
22.082356
-2.346802
27.988771
0.453598
-6.536505
27.916598
14.775882
20.013739
-31.342418
7.875972
27.223123
11.643649
24.631566
24.784879
-10.541801
-2.666351
20.136729
13.404437
3.156390
13.121497
13.418767
7.491708
-25.979044
2.254137
25.497885
11.196679
12.375269
17.802409
