-12.823192
21.786365
9.012920
23.530793
-7.169089
-11.417187
-3.052634
-1.008970
-14.443690
2.622205
-0.412908
4.266202
-0.967159
11.920485
-7.114995
21.074859
20.678259
9.436737
0.435861
2.314150
6.578275
6.077753
10.832236
3.251567
24.676833
26.509422
3.535970
8.792555
8.533014
26.231598
4.142128
4.480831
14.717420
17.898603
25.106710
-11.825726
-6.726490
-13.012868
-3.982843
4.731721
-10.614569
-6.886137
6.024149
7.391211
-3.845301
-4.807619
17.773825
15.869805
17.435862
-12.772440
-10.021308
-8.079602
16.724999
-7.106586
4.018996
14.835409
-10.863405
2.371832
-9.118072
16.693936
20.897134
22.181879
3.239419
-4.610527
10.369830
-5.463688
-1.153377
21.032898
2.310171
10.134239
-11.112307
-8.605968
2.570584
6.848565
-10.257603
17.818963
11.025979
-13.283392
13.970066
4.700756
10.044221
12.887741
-9.998506
-0.199013
18.502937
24.898130
17.841964
17.581050
-1.204688
8.335688
-8.922435
12.395498
-4.354575
14.253370
-8.949804
27.320603
18.164768
23.759043
13.176556
-12.157073
-1.506297
16.749034
14.276439
16.711752
-12.825474
21.938350
6.274435
0.261652
-7.756437
14.388635
18.690827
19.737803
24.770894
6.075074
12.307305
-11.354814
18.275091
28.838636
-1.031564
24.033713
12.062775
-5.857315
15.254307
21.345020
-3.544296
6.692896
-2.818376
-9.230869
-2.186743
-9.702228
32.880026
-8.220447
-14.524611
16.222707
1.945609
17.449624
9.669226
22.424647
-4.646660
10.408308
-8.424889
28.179822
19.293524
28.483883
-6.923804
12.435286
-7.974253
7.467329
10.006203
-7.700885
12.889497
32.021160
-5.884807
28.610528
22.861618
-2.916864
19.977215
18.157621
-7.039177
16.034235
-0.328165
11.102606
-8.373749
-8.163272
-10.984850
21.652323
-2.061348
5.274698
23.712177
19.919094
14.514231
-1.309244
-10.097949
18.992967
-5.768759
1.733448
9.142461
8.011408
