13.607846
14.507049
10.090306
11.593011
0.003185
12.643887
24.672454
14.745236
-20.973753
-21.555936
14.176415
7.121700
7.017078
11.557375
-4.174672
25.139934
25.257905
1.248747
17.420443
-0.086571
9.209084
23.929456
-31.783156
8.537091
-25.152786
-12.313158
28.174423
0.398446
-2.347016
16.425920
16.366779
6.100087
22.781304
17.501187
-21.547139
18.314723
-0.371550
-29.150651
2.390791
4.528334
-22.523259
22.160634
16.809878
-21.523753
0.926465
-11.609328
13.777695
-14.760186
-6.162412
16.894064
10.857615
-30.391471
23.159170
19.811391
8.144053
19.932066
16.353619
4.331362
16.855983
0.524003
12.311036
11.248964
-0.069487
-15.425418
9.727393
14.766201
12.243481
18.648633
-0.130183
14.040220
-1.843771
11.508384
8.735065
0.511043
-12.161497
6.073765
18.090912
-15.126974
5.591866
5.666906
32.342693
13.534416
5.667590
15.832654
-18.417661
14.685839
19.930633
26.035928
25.920647
-29.159548
15.023800
3.968441
-27.672095
-24.113540
13.381364
18.609411
-10.852192
0.751573
14.091021
0.057835
27.146848
19.745340
19.957909
17.806463
20.778293
0.797058
28.653635
20.144286
-11.807649
20.027040
20.560899
0.814916
12.637217
-13.975165
-0.532153
17.883542
26.731408
18.430766
-29.694516
9.895773
-10.625477
-15.405333
20.643914
-3.290641
17.987737
-32.023478
-19.317520
28.193985
14.743107
-2.013059
10.817515
-13.913444
9.258835
5.975092
-5.689797
26.992360
13.093608
-19.279717
8.780656
18.670685
21.325667
-2.466045
23.408511
11.342506
5.329441
-3.806402
17.391449
23.890076
22.609110
10.632328
25.244248
-1.226148
19.048079
28.006786
25.082336
10.106202
2.559819
-11.610802
-9.018089
-3.394408
6.217085
1.224255
13.722793
11.315756
12.401447
-0.703399
16.512914
28.470042
28.125544
-31.386695
17.700073
-27.452709
17.578632
10.373992
15.901130
20.973609
4.121906
6.750081
