-6.871725
10.752349
18.999824
17.492945
18.988427
-5.172792
-2.769068
12.156473
-6.953954
-9.814096
-5.028318
6.855854
13.224761
22.002019
-13.359863
-4.672323
-6.273165
-3.669132
-4.998446
24.760599
-19.431422
2.272403
3.764466
-9.956163
0.420579
-8.204582
4.290879
22.028873
2.442650
10.731821
6.693297
22.464103
-15.677220
9.648953
-4.914190
-16.198628
6.950810
2.711936
-0.789082
13.543340
-6.106084
-17.729430
10.925701
-7.584488
16.915323
-13.945095
-0.497680
-0.352215
10.262457
-19.079516
12.672486
2.256727
5.927519
7.803945
17.536085
12.577364
-25.899642
4.431916
-3.397836
16.117891
16.079068
11.072911
21.131137
-7.780025
12.652414
-24.002349
-10.210117
-5.912221
11.349847
-6.539821
19.312881
4.353883
-16.563733
-17.530545
9.950416
-1.425792
-22.855953
-12.959914
6.754285
20.227068
-1.163258
1.858275
-9.898486
3.648696
3.461455
-17.185945
6.337065
15.633419
-11.060059
-1.731174
-1.232249
-17.445261
-4.834477
-1.836150
4.072503
12.100888
-13.948058
25.938092
13.054775
26.977587
16.259491
7.567864
-2.666323
-5.217717
12.951300
3.089558
-7.198583
5.985690
-9.553147
14.310826
10.847654
-13.608240
13.547370
-5.125050
9.382792
-8.781717
-13.034804
-18.571314
-0.306176
-6.455547
6.245381
-9.550541
-17.312756
20.725324
9.025890
5.330083
-1.081961
5.769409
-5.041270
-13.765064
-7.932615
-9.660443
22.010612
15.367146
6.834601
-3.664944
10.699545
-10.000426
-12.132274
-11.408680
-21.153236
14.197306
-19.714643
4.176350
9.679912
2.574072
-2.242157
9.912982
-13.969561
-8.996448
9.130759
18.400375
-20.631474
-9.069417
18.051179
-1.734337
9.977507
-7.091394
-4.249284
-15.061482
-3.906062
20.277801
15.879312
13.944035
15.369124
-15.270017
1.439429
-15.397905
3.748669
1.327085
-3.365512
-7.366558
-4.584570
22.203406
9.738659
-21.362629
-13.843685
25.915273
